6.395932e-04
7.105079e-04
7.781144e-04
8.423682e-04
9.024944e-04
9.578075e-04
1.007995e-03
1.052609e-03
1.090964e-03
1.122227e-03
1.145681e-03
1.160851e-03
1.166990e-03
1.163190e-03
1.148498e-03
1.122257e-03
1.083424e-03
1.031017e-03
9.640511e-04
8.813795e-04
7.818993e-04
6.645676e-04
5.276259e-04
3.704485e-04
1.913067e-04
-1.130439e-05
-2.387110e-04
-4.927311e-04
-7.749144e-04
-1.087064e-03
-1.431236e-03
-1.808936e-03
-2.222547e-03
-2.674246e-03
-3.166521e-03
-3.701502e-03
-4.281634e-03
-4.910180e-03
-5.589643e-03
-6.323541e-03
-7.114837e-03
-7.967437e-03
-8.884961e-03
-9.871686e-03
-1.093225e-02
-1.207151e-02
-1.329490e-02
-1.460838e-02
-1.601868e-02
-1.753267e-02
-1.915891e-02
-2.090643e-02
-2.278512e-02
-2.480672e-02
-2.698418e-02
-2.933239e-02
-3.186763e-02
-3.460931e-02
-3.757911e-02
-4.080182e-02
-4.430564e-02
-4.812271e-02
-5.228994e-02
-5.684868e-02
-6.184673e-02
-6.733679e-02
-7.337894e-02
-8.003990e-02
-8.739366e-02
-9.552139e-02
-1.045115e-01
-1.144586e-01
-1.254623e-01
-1.376267e-01
-1.510554e-01
-1.658516e-01
-1.821103e-01
-1.999157e-01
-2.193343e-01
-2.404074e-01
-2.631452e-01
-2.875192e-01
-3.134549e-01
-3.408272e-01
-3.694561e-01
-3.991056e-01
-4.294834e-01
-4.602457e-01
-4.910028e-01
-5.213270e-01
-5.507630e-01
-5.788396e-01
-6.050812e-01
-6.290216e-01
-6.502177e-01
-6.682635e-01
-6.828017e-01
-6.935349e-01
-7.002328e-01
-7.027366e-01
-7.009593e-01
-6.948857e-01
-6.845707e-01
-6.701403e-01
-6.517923e-01
-6.297990e-01
-6.045082e-01
-5.763395e-01
-5.457780e-01
-5.133603e-01
-4.796557e-01
-4.452426e-01
-4.106842e-01
-3.765050e-01
-3.431713e-01
-3.110773e-01
-2.805371e-01
-2.517834e-01
-2.249709e-01
-2.001844e-01
-1.774482e-01
-1.567372e-01
-1.379879e-01
-1.211082e-01
-1.059869e-01
-9.250141e-02
-8.052251e-02
-6.992022e-02
-6.056731e-02
-5.234135e-02
-4.512636e-02
-3.881463e-02
-3.330622e-02
-2.850991e-02
-2.434278e-02
-2.072976e-02
-1.760373e-02
-1.490443e-02
-1.257844e-02
-1.057825e-02
-8.861789e-03
-7.391611e-03
-6.135652e-03
-5.065331e-03
-4.155347e-03
-3.383929e-03
-2.732242e-03
-2.183372e-03
-1.723433e-03
-1.339430e-03
-1.020962e-03
-7.586125e-04
-5.444828e-04
-3.715996e-04
-2.339724e-04
-1.266096e-04
-4.529394e-05
1.380406e-05
5.372427e-05
7.713400e-05
8.649193e-05
8.372031e-05
7.017516e-05
4.730187e-05
1.642667e-05
-2.160110e-05
-6.593205e-05
-1.156274e-04
-1.707319e-04
-2.303366e-04
-2.940092e-04
-3.615860e-04
-4.328284e-04
-5.071405e-04
-5.848352e-04
-6.651971e-04
-7.485915e-04
-8.346159e-04
-9.231064e-04
-1.014205e-03
-1.107560e-03
-1.203151e-03
-1.300940e-03
-1.401016e-03
-1.503134e-03
-1.607114e-03
-1.713218e-03
-1.821043e-03
-1.930589e-03
-2.042079e-03
-2.155202e-03
-2.270008e-03
-2.386199e-03
-2.504135e-03
-2.623202e-03
-2.743879e-03
-2.865845e-03
-2.988929e-03
-3.113287e-03
-3.238829e-03
6.951150e-04
7.741358e-04
8.499082e-04
9.220745e-04
9.900089e-04
1.053384e-03
1.111751e-03
1.164159e-03
1.210263e-03
1.249647e-03
1.281356e-03
1.304558e-03
1.318892e-03
1.323467e-03
1.317358e-03
1.300102e-03
1.270300e-03
1.227355e-03
1.170253e-03
1.097685e-03
1.009380e-03
9.034481e-04
7.789191e-04
6.347355e-04
4.696604e-04
2.822634e-04
7.115863e-05
-1.651440e-04
-4.282538e-04
-7.194821e-04
-1.040692e-03
-1.393551e-03
-1.779968e-03
-2.201909e-03
-2.661357e-03
-3.160531e-03
-3.701830e-03
-4.287193e-03
-4.919732e-03
-5.601833e-03
-6.336624e-03
-7.127309e-03
-7.977063e-03
-8.889848e-03
-9.869346e-03
-1.092013e-02
-1.204684e-02
-1.325499e-02
-1.455029e-02
-1.593927e-02
-1.742953e-02
-1.902911e-02
-2.074718e-02
-2.259486e-02
-2.458387e-02
-2.672798e-02
-2.904304e-02
-3.154718e-02
-3.426110e-02
-3.720859e-02
-4.041714e-02
-4.391801e-02
-4.774711e-02
-5.194577e-02
-5.656058e-02
-6.164450e-02
-6.725781e-02
-7.346730e-02
-8.034844e-02
-8.798340e-02
-9.646312e-02
-1.058851e-01
-1.163532e-01
-1.279759e-01
-1.408641e-01
-1.551276e-01
-1.708711e-01
-1.881891e-01
-2.071596e-01
-2.278376e-01
-2.502473e-01
-2.743745e-01
-3.001598e-01
-3.274911e-01
-3.562007e-01
-3.860607e-01
-4.167844e-01
-4.480281e-01
-4.793971e-01
-5.104542e-01
-5.407293e-01
-5.697333e-01
-5.969710e-01
-6.219567e-01
-6.442302e-01
-6.633717e-01
-6.790150e-01
-6.908585e-01
-6.986716e-01
-7.022976e-01
-7.016526e-01
-6.967241e-01
-6.875671e-01
-6.743047e-01
-6.571289e-01
-6.363014e-01
-6.121559e-01
-5.850955e-01
-5.555856e-01
-5.241422e-01
-4.913143e-01
-4.576619e-01
-4.237335e-01
-3.900439e-01
-3.570544e-01
-3.251606e-01
-2.946826e-01
-2.658637e-01
-2.388719e-01
-2.138076e-01
-1.907116e-01
-1.695747e-01
-1.503487e-01
-1.329557e-01
-1.172970e-01
-1.032599e-01
-9.072451e-02
-7.956796e-02
-6.966872e-02
-6.090868e-02
-5.317568e-02
-4.636347e-02
-4.037424e-02
-3.511763e-02
-3.051152e-02
-2.648064e-02
-2.295768e-02
-1.988239e-02
-1.720032e-02
-1.486334e-02
-1.282899e-02
-1.105916e-02
-9.520287e-03
-8.183489e-03
-7.022748e-03
-6.015370e-03
-5.141551e-03
-4.384005e-03
-3.727788e-03
-3.159607e-03
-2.668107e-03
-2.243290e-03
-1.876736e-03
-1.560951e-03
-1.289422e-03
-1.056576e-03
-8.578245e-04
-6.886963e-04
-5.457643e-04
-4.259739e-04
-3.266279e-04
-2.454761e-04
-1.807753e-04
-1.303349e-04
-9.330548e-05
-6.776489e-05
-5.299784e-05
-4.827417e-05
-5.247630e-05
-6.485172e-05
-8.482672e-05
-1.118425e-04
-1.458023e-04
-1.859162e-04
-2.316181e-04
-2.829526e-04
-3.395472e-04
-4.010815e-04
-4.673097e-04
-5.380753e-04
-6.130431e-04
-6.919298e-04
-7.746760e-04
-8.613039e-04
-9.511951e-04
-1.044521e-03
-1.141170e-03
-1.240762e-03
-1.343349e-03
-1.448775e-03
-1.556674e-03
-1.667241e-03
-1.780236e-03
-1.895377e-03
-2.012962e-03
-2.132492e-03
-2.253795e-03
-2.376819e-03
-2.502019e-03
-2.628515e-03
7.540043e-04
8.402374e-04
9.230878e-04
1.002153e-03
1.076942e-03
1.147231e-03
1.212081e-03
1.271164e-03
1.323825e-03
1.369542e-03
1.407778e-03
1.437640e-03
1.458323e-03
1.469573e-03
1.470333e-03
1.459828e-03
1.437088e-03
1.401385e-03
1.351794e-03
1.287585e-03
1.207193e-03
1.110291e-03
9.953137e-04
8.613821e-04
7.072445e-04
5.316194e-04
3.335532e-04
1.113769e-04
-1.360420e-04
-4.104916e-04
-7.131640e-04
-1.045430e-03
-1.409406e-03
-1.806343e-03
-2.238298e-03
-2.707386e-03
-3.215248e-03
-3.764087e-03
-4.356110e-03
-4.993791e-03
-5.679542e-03
-6.416315e-03
-7.206837e-03
-8.054668e-03
-8.962790e-03
-9.935567e-03
-1.097665e-02
-1.209124e-02
-1.328431e-02
-1.456202e-02
-1.593056e-02
-1.739770e-02
-1.897188e-02
-2.066299e-02
-2.248229e-02
-2.444247e-02
-2.655860e-02
-2.884758e-02
-3.132943e-02
-3.402700e-02
-3.696703e-02
-4.017944e-02
-4.369996e-02
-4.756915e-02
-5.183268e-02
-5.654395e-02
-6.176255e-02
-6.755613e-02
-7.400025e-02
-8.117905e-02
-8.918483e-02
-9.811787e-02
-1.080856e-01
-1.192008e-01
-1.315800e-01
-1.453396e-01
-1.605931e-01
-1.774441e-01
-1.959819e-01
-2.162731e-01
-2.383555e-01
-2.622283e-01
-2.878457e-01
-3.151086e-01
-3.438599e-01
-3.738805e-01
-4.048883e-01
-4.365396e-01
-4.684355e-01
-5.001289e-01
-5.311362e-01
-5.609511e-01
-5.890600e-01
-6.149594e-01
-6.381734e-01
-6.582701e-01
-6.748763e-01
-6.876878e-01
-6.964755e-01
-7.010859e-01
-7.014399e-01
-6.975283e-01
-6.894082e-01
-6.772016e-01
-6.610959e-01
-6.413448e-01
-6.182702e-01
-5.922605e-01
-5.637633e-01
-5.332757e-01
-5.013269e-01
-4.684585e-01
-4.352035e-01
-4.020641e-01
-3.694949e-01
-3.378890e-01
-3.075693e-01
-2.787858e-01
-2.517175e-01
-2.264771e-01
-2.031193e-01
-1.816499e-01
-1.620348e-01
-1.442094e-01
-1.280870e-01
-1.135653e-01
-1.005337e-01
-8.887687e-02
-7.847957e-02
-6.922794e-02
-6.101399e-02
-5.373486e-02
-4.729409e-02
-4.160329e-02
-3.658067e-02
-3.215202e-02
-2.824988e-02
-2.481375e-02
-2.178934e-02
-1.912778e-02
-1.678609e-02
-1.472556e-02
-1.291231e-02
-1.131637e-02
-9.910980e-03
-8.673081e-03
-7.582122e-03
-6.620267e-03
-5.771557e-03
-5.022416e-03
-4.360626e-03
-3.775725e-03
-3.259057e-03
-2.802217e-03
-2.398098e-03
-2.041185e-03
-1.725743e-03
-1.447463e-03
-1.202295e-03
-9.869281e-04
-7.981453e-04
-6.332342e-04
-4.902426e-04
-3.669206e-04
-2.615247e-04
-1.725499e-04
-9.865500e-05
-3.864802e-05
8.424744e-06
4.352443e-05
6.738864e-05
8.138083e-05
8.535944e-05
8.038245e-05
6.675534e-05
4.512630e-05
1.578592e-05
-2.057292e-05
-6.392039e-05
-1.134519e-04
-1.693014e-04
-2.307836e-04
-2.980102e-04
-3.703404e-04
-4.476551e-04
-5.296562e-04
-6.162319e-04
-7.069353e-04
-8.017216e-04
-9.002034e-04
-1.002664e-03
-1.108343e-03
-1.217263e-03
-1.329297e-03
-1.444304e-03
-1.561979e-03
-1.682149e-03
-1.804883e-03
-1.929948e-03
-2.057055e-03
8.153375e-04
9.073522e-04
9.963419e-04
1.081174e-03
1.161626e-03
1.237145e-03
1.307404e-03
1.371806e-03
1.429623e-03
1.480317e-03
1.523441e-03
1.557996e-03
1.583805e-03
1.599720e-03
1.605263e-03
1.599422e-03
1.581883e-03
1.551187e-03
1.507109e-03
1.448190e-03
1.374042e-03
1.283264e-03
1.175141e-03
1.048630e-03
9.025689e-04
7.358845e-04
5.472358e-04
3.358480e-04
1.004096e-04
-1.607779e-04
-4.487578e-04
-7.648412e-04
-1.110638e-03
-1.487518e-03
-1.897121e-03
-2.341056e-03
-2.821201e-03
-3.339106e-03
-3.897095e-03
-4.496897e-03
-5.140806e-03
-5.831206e-03
-6.570661e-03
-7.362152e-03
-8.208210e-03
-9.112442e-03
-1.007872e-02
-1.111091e-02
-1.221390e-02
-1.339259e-02
-1.465342e-02
-1.600283e-02
-1.744879e-02
-1.900002e-02
-2.066725e-02
-2.246242e-02
-2.439971e-02
-2.649508e-02
-2.876776e-02
-3.123964e-02
-3.393646e-02
-3.688783e-02
-4.012815e-02
-4.369735e-02
-4.764102e-02
-5.201179e-02
-5.686929e-02
-6.228121e-02
-6.832395e-02
-7.508229e-02
-8.265016e-02
-9.113004e-02
-1.006325e-01
-1.112741e-01
-1.231764e-01
-1.364621e-01
-1.512519e-01
-1.676579e-01
-1.857794e-01
-2.056945e-01
-2.274528e-01
-2.510662e-01
-2.765017e-01
-3.036717e-01
-3.324302e-01
-3.625652e-01
-3.937995e-01
-4.257896e-01
-4.581320e-01
-4.903708e-01
-5.220094e-01
-5.525253e-01
-5.813882e-01
-6.080778e-01
-6.321042e-01
-6.530256e-01
-6.704631e-01
-6.841116e-01
-6.937437e-01
-6.992114e-01
-7.004406e-01
-6.974264e-01
-6.902288e-01
-6.789700e-01
-6.638339e-01
-6.450681e-01
-6.229851e-01
-5.979595e-01
-5.704240e-01
-5.408581e-01
-5.097727e-01
-4.776917e-01
-4.451319e-01
-4.125828e-01
-3.804897e-01
-3.492406e-01
-3.191590e-01
-2.904985e-01
-2.634451e-01
-2.381220e-01
-2.145957e-01
-1.928846e-01
-1.729670e-01
-1.547913e-01
-1.382812e-01
-1.233455e-01
-1.098822e-01
-9.778359e-02
-8.694052e-02
-7.724539e-02
-6.859315e-02
-6.088502e-02
-5.402688e-02
-4.793184e-02
-4.251961e-02
-3.771674e-02
-3.345651e-02
-2.967821e-02
-2.632789e-02
-2.335630e-02
-2.072000e-02
-1.838026e-02
-1.630257e-02
-1.445598e-02
-1.281399e-02
-1.135238e-02
-1.005046e-02
-8.889193e-03
-7.852519e-03
-6.926337e-03
-6.097758e-03
-5.356172e-03
-4.691565e-03
-4.095787e-03
-3.561208e-03
-3.081465e-03
-2.650941e-03
-2.264591e-03
-1.918027e-03
-1.607249e-03
-1.329595e-03
-1.081357e-03
-8.601714e-04
-6.638858e-04
-4.903842e-04
-3.376547e-04
-2.044383e-04
-8.918531e-05
9.721145e-06
9.263866e-05
1.614820e-04
2.167355e-04
2.590623e-04
2.895948e-04
3.087875e-04
3.177281e-04
3.163125e-04
3.056806e-04
2.861898e-04
2.580639e-04
2.222266e-04
1.787897e-04
1.280960e-04
7.062219e-05
6.711110e-06
-6.330945e-05
-1.388211e-04
-2.199356e-04
-3.061686e-04
-3.975574e-04
-4.933495e-04
-5.935673e-04
-6.976519e-04
-8.058641e-04
-9.176228e-04
-1.032831e-03
-1.151377e-03
-1.273001e-03
-1.397388e-03
-1.524383e-03
8.770283e-04
9.741839e-04
1.067778e-03
1.157111e-03
1.242226e-03
1.321888e-03
1.396185e-03
1.464164e-03
1.525512e-03
1.579857e-03
1.626095e-03
1.663988e-03
1.692688e-03
1.711702e-03
1.720047e-03
1.717394e-03
1.702612e-03
1.675045e-03
1.633799e-03
1.578396e-03
1.507765e-03
1.420802e-03
1.316881e-03
1.195049e-03
1.054293e-03
8.932408e-04
7.114466e-04
5.075093e-04
2.802964e-04
2.873503e-05
-2.483074e-04
-5.520824e-04
-8.838419e-04
-1.245046e-03
-1.636887e-03
-2.060825e-03
-2.518350e-03
-3.010953e-03
-3.540630e-03
-4.108930e-03
-4.717493e-03
-5.368823e-03
-6.064499e-03
-6.807381e-03
-7.600212e-03
-8.445317e-03
-9.346331e-03
-1.030687e-02
-1.133067e-02
-1.242285e-02
-1.358859e-02
-1.483395e-02
-1.616603e-02
-1.759344e-02
-1.912555e-02
-2.077361e-02
-2.255123e-02
-2.447338e-02
-2.655842e-02
-2.882756e-02
-3.130565e-02
-3.402149e-02
-3.700871e-02
-4.030662e-02
-4.396034e-02
-4.802167e-02
-5.255035e-02
-5.761432e-02
-6.328976e-02
-6.966245e-02
-7.682777e-02
-8.488974e-02
-9.396150e-02
-1.041634e-01
-1.156211e-01
-1.284626e-01
-1.428151e-01
-1.587990e-01
-1.765223e-01
-1.960733e-01
-2.175128e-01
-2.408642e-01
-2.661061e-01
-2.931625e-01
-3.218967e-01
-3.521042e-01
-3.835119e-01
-4.157766e-01
-4.484908e-01
-4.811900e-01
-5.133655e-01
-5.444799e-01
-5.739875e-01
-6.013528e-01
-6.260738e-01
-6.477000e-01
-6.658486e-01
-6.802142e-01
-6.905733e-01
-6.967825e-01
-6.987739e-01
-6.965476e-01
-6.901665e-01
-6.797538e-01
-6.654913e-01
-6.476214e-01
-6.264481e-01
-6.023355e-01
-5.757023e-01
-5.470125e-01
-5.167602e-01
-4.854529e-01
-4.535917e-01
-4.216528e-01
-3.900715e-01
-3.592298e-01
-3.294481e-01
-3.009818e-01
-2.740220e-01
-2.486991e-01
-2.250889e-01
-2.032204e-01
-1.830835e-01
-1.646367e-01
-1.478152e-01
-1.325366e-01
-1.187075e-01
-1.062285e-01
-9.499615e-02
-8.490815e-02
-7.586449e-02
-6.776907e-02
-6.053134e-02
-5.406620e-02
-4.829472e-02
-4.314495e-02
-3.855082e-02
-3.445225e-02
-3.079488e-02
-2.753062e-02
-2.461527e-02
-2.200959e-02
-1.967909e-02
-1.759299e-02
-1.572366e-02
-1.404648e-02
-1.254045e-02
-1.118636e-02
-9.967292e-03
-8.868733e-03
-7.877806e-03
-6.982723e-03
-6.173575e-03
-5.441302e-03
-4.778439e-03
-4.177788e-03
-3.633657e-03
-3.140392e-03
-2.693469e-03
-2.288545e-03
-1.922200e-03
-1.590976e-03
-1.292119e-03
-1.022840e-03
-7.810239e-04
-5.645398e-04
-3.717411e-04
-2.005566e-04
-4.999526e-05
8.173846e-05
1.955684e-04
2.927613e-04
3.741439e-04
4.408564e-04
4.936513e-04
5.337205e-04
5.611833e-04
5.768593e-04
5.817320e-04
5.761739e-04
5.608704e-04
5.362686e-04
5.026367e-04
4.609730e-04
4.113521e-04
3.543403e-04
2.901312e-04
2.194922e-04
1.423862e-04
5.937181e-05
-2.927519e-05
-1.229513e-04
-2.220590e-04
-3.255848e-04
-4.335809e-04
-5.457420e-04
-6.617401e-04
-7.816050e-04
-9.045098e-04
-1.030939e-03
